2146972547
1874324840
3605114105
2189592865
2632603191
2196992313
1927557857
2054797617
2146972547
1926208891
2863504350
2232954093
1918396754
5370309456
3065280707
2120379165
2311412373
2386914347
2479652847
5778667926
3215315010
1624572374
1992678132
5174402875
5361563279
2815763072
2939701821
2859156992
3226519497
2527382900
2158891955
2476950020
3032697295
2473710510
3199197052
5844443279
1898308191
1058480981
3543656605
5143544979
3242506627
2446035730
1856134183
2539887587
2161596983
1086988941
5083725513
3879570847
3848942072
3605114105
1927557857
2196992313
2189592865
2632603191
1874324840
2054797617
2146972547
3605114105
3605114105
3605114105
3605114105
1874324840
1874324840
1874324840
1874324840
1927557857
1927557857
1927557857
1927557857
2189592865
2189592865
2189592865
2189592865
2054797617
2054797617
2054797617
2054797617
2196992313
2196992313
2196992313
2196992313
2632603191
2632603191
2632603191
2632603191
2146972547
2146972547
2146972547
2146972547
1926208891
1926208891
1926208891
1926208891
2863504350
2863504350
2863504350
2863504350
2232954093
2232954093
2232954093
2232954093
1918396754
1918396754
1918396754
1918396754
5370309456
5370309456
5370309456
5370309456
3065280707
3065280707
3065280707
3065280707
2120379165
2120379165
2120379165
2120379165
2311412373
2311412373
2311412373
2311412373
2386914347
2386914347
2386914347
2386914347
2479652847
2479652847
2479652847
2479652847
5778667926
5778667926
5778667926
5778667926
3215315010
3215315010
3215315010
3215315010
1624572374
1624572374
1624572374
1624572374
1992678132
1992678132
1992678132
1992678132
5174402875
5174402875
5174402875
5174402875
